0.204113	-0.046442
0.169860	0.147597
0.246988	-0.103004
-0.098866	0.151947
-0.133335	0.029008
-0.013562	0.077244
-0.081129	0.007741
0.271338	0.106519
0.081427	0.125484
-0.215038	0.044753
-0.290220	-0.039070
-0.217661	0.125598
-0.205993	-0.043208
-0.222126	-0.157762
0.299355	-0.011082
0.007759	0.203399
0.067584	-0.119235
0.082531	0.014010
-0.003850	0.283642
-0.124490	0.148135
0.016047	0.161716
-0.059863	0.230193
-0.130011	-0.079780
0.184635	0.198160
-0.258147	0.137351
0.015597	-0.248031
-0.184672	0.077182
0.234140	-0.056683
-0.261497	-0.141147
-0.025379	-0.261203
-0.157032	0.240606
0.241325	0.125082
-0.140001	0.021099
-0.074876	0.151208
0.007521	0.100603
0.018964	-0.275879
-0.037417	0.257078
0.258486	0.067287
-0.129424	0.129117
0.083987	-0.084069
0.112717	-0.185731
-0.035937	0.226403
0.197521	-0.076620
-0.162619	0.198339
-0.089784	0.106868
0.273881	0.021705
0.094382	0.204278
-0.036264	0.252517
-0.060938	0.184923
0.110531	0.229237
-0.010506	-0.170400
0.270151	0.109615
-0.211404	0.162224
0.084648	-0.039169
0.071758	-0.127551
0.171601	-0.094760
-0.031780	-0.163411
-0.187480	-0.104813
0.033866	-0.049779
-0.198236	0.183202
-0.238097	-0.136490
-0.002734	0.156279
0.290851	0.063966
0.110667	-0.065144
0.149863	-0.068265
-0.123504	-0.146399
0.050693	-0.151147
-0.208566	0.100121
-0.224715	0.116657
-0.201539	0.108920
-0.255282	0.141854
-0.268482	0.005773
-0.194274	-0.118843
0.178679	0.112133
0.093938	0.266340
0.083675	0.149656
-0.243912	-0.127538
0.012126	-0.252854
-0.258056	-0.090372
-0.023148	0.191235
0.043991	0.151691
-0.268837	-0.091121
0.299996	-0.000900
0.233973	-0.140649
0.298679	-0.025078
0.222324	-0.172287
-0.297503	0.032683
0.056335	-0.188365
-0.202121	-0.048023
0.247816	0.108107
-0.084543	0.030215
0.047658	-0.028093
0.112432	-0.222708
0.018485	0.154083
-0.117423	0.271774
0.046183	0.223868
0.148686	0.067178
-0.278747	0.054965
0.199943	0.190277
0.223963	0.132151
-1.687660	0.946287
-1.642020	1.090158
-1.500128	0.798355
-1.198381	0.998007
-1.633369	0.546197
-1.489824	0.648826
-1.477688	0.637482
-1.520372	0.690120
-1.297266	0.638857
-1.144497	0.879843
-1.234194	0.890679
-1.406412	1.082879
-1.268025	0.827664
-1.531561	0.567968
-1.382890	0.855524
-1.666591	0.770551
-1.301811	1.008611
-1.360708	0.501939
-1.306966	0.859089
-1.599946	0.640335
-1.505286	0.789770
-1.389161	0.682973
-1.527252	0.609533
-1.473094	0.524519
-1.348390	0.917590
-1.504362	0.882584
-1.308270	0.610774
-1.465464	0.876295
-1.538438	0.697025
-1.544263	0.621328
-1.652549	0.910854
-1.491878	0.654359
-1.419465	0.552586
-1.256298	1.026430
-1.511675	0.556244
-1.166765	0.716961
-1.446014	0.855927
-1.499934	0.673267
-1.565460	0.673028
-1.297785	0.613851
-1.690618	0.502147
-1.596435	0.698887
-1.212921	0.761898
-1.675182	1.051358
-1.558923	0.919445
-1.172686	0.911471
-1.330299	0.964564
-1.665831	1.049764
-1.617150	0.622129
-1.576194	0.828825
-1.278373	1.042959
-1.645786	1.024387
-1.398886	0.845720
-1.197654	0.664347
-1.618747	0.795439
-1.378197	1.009365
-1.397586	0.674632
-1.208253	0.910507
-1.536530	0.583435
-1.461865	0.795453
-1.602880	0.934551
-1.206925	0.633179
-1.399115	0.572755
-1.182943	0.716266
-1.294884	1.059137
-1.645091	0.873257
-1.602097	0.990877
-1.397645	0.700983
-1.336596	0.895299
-1.465330	0.655344
-1.190738	0.543527
-1.164709	0.888324
-1.318159	0.672962
-1.298831	0.554689
-1.356397	1.060697
-1.450142	0.659277
-1.495248	0.957067
-1.392456	0.594363
-1.629822	0.875399
-1.410629	0.624706
-1.434536	0.755720
-1.597963	0.736633
-1.246596	0.695608
-1.537616	0.883193
-1.690907	0.702946
-1.638536	0.581645
-1.346473	0.503245
-1.569969	0.964632
-1.276207	0.568801
-1.619321	0.932603
-1.129498	0.769463
-1.691880	0.924745
-1.226530	0.784336
-1.619109	0.556352
-1.159736	0.729738
-1.281058	0.894272
-1.585457	0.579021
-1.130905	0.532053
-1.374629	0.968521
-1.515246	0.765536
-1.171467	-1.453782
-1.447181	-1.417940
-1.457027	-1.317150
-1.282571	-1.633234
-1.385951	-1.201892
-1.465837	-1.415448
-1.471355	-1.457718
-1.240194	-1.597885
-1.142054	-1.159302
-1.654237	-1.201790
-1.389040	-1.235295
-1.596062	-1.274497
-1.314316	-1.626967
-1.306551	-1.588945
-1.495488	-1.121796
-1.254481	-1.566954
-1.475578	-1.601662
-1.284894	-1.232606
-1.218812	-1.467465
-1.165840	-1.504763
-1.569357	-1.531677
-1.220211	-1.340713
-1.289395	-1.360405
-1.238598	-1.331449
-1.419708	-1.192834
-1.433239	-1.108748
-1.328129	-1.329300
-1.283245	-1.542445
-1.256267	-1.489795
-1.431390	-1.651754
-1.511592	-1.585871
-1.518709	-1.287170
-1.487533	-1.103603
-1.419776	-1.606346
-1.471068	-1.485615
-1.411109	-1.340425
-1.317293	-1.531320
-1.581138	-1.506687
-1.191725	-1.119736
-1.138136	-1.511433
-1.212570	-1.471375
-1.520181	-1.440699
-1.100675	-1.103426
-1.283143	-1.256942
-1.493221	-1.614533
-1.208697	-1.304813
-1.500404	-1.627406
-1.491983	-1.287938
-1.631009	-1.211759
-1.194283	-1.402077
-1.597374	-1.505392
-1.642502	-1.214667
-1.336713	-1.523640
-1.621354	-1.428438
-1.543376	-1.659491
-1.239871	-1.655945
-1.430866	-1.660052
-1.396644	-1.431541
-1.663478	-1.579787
-1.588483	-1.456698
-1.494321	-1.697180
-1.661511	-1.294725
-1.624586	-1.453494
-1.482663	-1.555594
-1.565253	-1.576946
-1.257671	-1.462627
-1.382339	-1.200173
-1.577294	-1.619051
-1.623813	-1.498649
-1.347490	-1.467188
-1.458139	-1.487361
-1.423134	-1.189005
-1.447413	-1.119778
-1.520546	-1.410890
-1.599566	-1.409029
-1.167589	-1.393886
-1.406209	-1.129100
-1.588611	-1.330795
-1.482594	-1.371273
-1.186389	-1.347847
-1.248219	-1.344060
-1.110474	-1.530558
-1.444233	-1.587768
-1.449609	-1.368046
-1.386417	-1.697099
-1.135234	-1.144556
-1.484460	-1.458368
-1.233561	-1.231873
-1.478146	-1.654108
-1.542763	-1.377711
-1.363137	-1.610352
-1.671597	-1.669346
-1.639452	-1.560208
-1.300142	-1.422045
-1.231482	-1.386531
-1.669892	-1.379701
-1.630591	-1.680366
-1.210259	-1.374823
-1.568134	-1.559869
-1.642869	-1.254551
0.956967	-1.678103
0.699107	-1.341427
0.836471	-1.432669
0.873300	-1.214617
0.786777	-1.316063
0.892328	-1.649914
0.626415	-1.463925
1.019260	-1.165867
0.724133	-1.219402
0.887912	-1.455615
0.905932	-1.457804
0.535316	-1.436523
0.838170	-1.245576
0.511346	-1.306305
0.505444	-1.654215
0.860856	-1.562412
1.032318	-1.659963
0.603839	-1.368789
0.792632	-1.577139
0.883406	-1.679409
0.593202	-1.275733
1.029323	-1.319617
1.039659	-1.548583
0.785483	-1.263792
1.067984	-1.173396
1.019408	-1.473917
0.931200	-1.654724
0.610440	-1.269370
0.600299	-1.221786
0.875675	-1.205743
0.576002	-1.236531
1.068155	-1.108320
0.596495	-1.171994
0.777109	-1.489127
1.049132	-1.160514
0.868536	-1.142334
0.736248	-1.397859
0.761951	-1.275906
0.646441	-1.647434
0.839699	-1.214426
0.520830	-1.359106
0.988342	-1.552030
0.713830	-1.698782
0.521400	-1.414129
0.620568	-1.497075
0.919872	-1.296570
1.033606	-1.488027
0.704889	-1.130101
0.960021	-1.581998
0.919228	-1.509153
1.042512	-1.287764
0.951487	-1.278760
0.985622	-1.213438
0.854666	-1.132064
0.560872	-1.194365
0.646489	-1.181702
0.853471	-1.134831
1.033732	-1.667301
0.533613	-1.655132
0.781430	-1.254181
0.852207	-1.201302
0.850751	-1.385813
0.989329	-1.655640
0.815914	-1.449350
0.937639	-1.235141
0.658503	-1.480151
0.822905	-1.109990
1.058911	-1.308528
0.623429	-1.413577
0.740591	-1.284301
0.907942	-1.487080
0.766003	-1.261413
0.921912	-1.299735
0.628714	-1.555525
0.654867	-1.510144
0.509706	-1.607074
1.011447	-1.460458
0.692887	-1.500776
0.816098	-1.608800
0.650126	-1.253737
0.543941	-1.408629
1.033888	-1.466847
0.818620	-1.592798
1.075374	-1.542048
0.706376	-1.315965
0.526349	-1.114318
0.503046	-1.392352
0.675731	-1.524958
0.992088	-1.404446
0.780483	-1.146955
0.614590	-1.390189
1.054029	-1.126037
0.550647	-1.246915
0.926813	-1.466745
0.555715	-1.676939
1.020481	-1.199656
0.785568	-1.554369
0.966503	-1.104188
0.847168	-1.541877
0.946236	-1.653543
0.557842	0.972585
1.067861	0.560888
0.664938	0.643592
0.985846	0.557026
0.948038	0.666328
0.603980	1.062628
0.956517	0.558009
1.088665	1.007164
0.704924	0.915478
0.773908	0.760639
0.892417	0.694390
0.860295	0.577986
0.548759	0.726798
0.582174	0.895927
0.568675	1.028410
0.849470	0.626518
0.900995	0.817331
0.687406	1.065933
0.960923	0.573252
0.522959	0.808962
0.739580	0.626939
0.771590	0.596097
0.684948	0.760255
0.503261	0.889872
0.575733	0.777169
0.550511	0.968150
0.971559	0.910806
1.046136	1.020318
0.537604	0.528310
0.816245	0.606280
1.056720	0.565715
0.732798	0.857715
0.883046	0.920204
0.823648	0.743969
0.993456	0.846607
1.052931	0.633035
0.973546	0.724521
0.729133	0.558494
0.984776	0.732394
0.948366	1.060509
1.009563	0.998877
0.928659	0.881122
0.809683	0.874795
0.801441	0.847288
0.903104	0.517686
0.953567	0.859824
0.583400	0.586365
0.617539	0.966446
1.006569	0.941187
0.610415	0.900024
0.687794	0.563346
1.033060	0.561340
0.787866	0.662192
0.619834	0.672642
0.894586	1.068201
0.633151	0.804149
0.967078	1.061810
0.585271	0.676761
0.836604	0.886712
1.024048	0.639709
0.904398	0.877616
0.999533	0.987798
0.963981	0.517072
0.854244	0.870549
0.958258	0.964659
0.670574	0.546052
1.028005	0.603633
0.607392	0.715872
0.765826	0.727226
0.888513	0.560411
0.695427	1.021664
0.864560	0.562505
0.983473	0.949831
0.739265	0.720078
0.736543	0.663314
0.859787	0.540941
1.040929	0.759319
1.028739	0.904910
0.776391	0.782983
0.675459	0.634649
0.647643	0.846033
0.680701	0.575648
0.949666	0.788093
0.791519	0.615492
1.015320	0.580033
0.675903	0.610746
0.501697	1.040463
0.673251	0.985170
0.890294	0.912516
0.605248	0.526838
1.075830	0.965035
0.567779	1.016759
0.624354	1.096518
0.821669	0.900745
0.779501	0.997128
1.035394	0.927144
0.743160	0.616096
1.002792	0.592826
0.904189	0.694311
0.708318	0.819508
-0.085521	0.280736
0.434183	-0.079865
0.082279	-0.988314
-0.462632	-0.616739
0.386741	-0.111805
-0.527280	0.306173
-0.561690	-0.301352
0.028703	-0.147177
-0.312960	-0.899067
-0.811360	0.618710
0.758025	0.973287
0.042522	-0.431440
-0.639727	-0.281507
-0.122019	0.707569
0.366197	0.572374
-0.227403	-0.719324
-0.146891	-0.793220
0.200811	0.935388
-0.781533	0.738179
-0.681351	0.605207
-0.373626	-0.208632
-0.088619	0.064684
0.490017	0.940084
0.917507	-0.822943
-0.958983	-0.893853
0.795766	0.799042
-0.920566	-0.161712
-0.632398	-0.560293
0.556781	0.245583
-0.852724	-0.077022
-0.182044	-0.080127
0.203654	0.671065
0.126653	-0.595535
0.606453	0.345120
-0.857356	0.925102
-0.049672	-0.230982
-0.283529	0.861709
0.833702	-0.793513
0.801793	0.751209
-0.616456	0.842809
0.857355	-0.820690
0.641851	0.936789
0.017598	-0.990547
-0.623504	-0.425621
0.255036	-0.476228
0.497357	-0.927008
0.443645	-0.298989
0.744057	-0.429702
0.105475	0.350510
0.915419	0.248119
0.275612	-0.134254
-0.982863	0.992083
-0.272545	0.850839
-0.801430	-0.470752
0.602048	-0.417886
-0.627943	0.459403
-0.238576	-0.986092
0.396193	0.779022
-0.976639	0.772689
-0.646599	0.278397
-0.703539	0.850757
0.351389	0.740105
-0.448232	0.095446
-0.689596	0.657243
-0.554044	-0.774178
-0.094638	0.721568
0.091569	-0.077500
0.713652	0.819024
-0.226661	0.912222
-0.651729	-0.624614
-0.505664	-0.279671
0.834790	0.255760
-0.265763	0.230982
0.034781	-0.242402
0.003671	0.388182
-0.964005	0.300131
0.238940	0.387384
0.040237	0.790707
-0.517170	0.350640
0.447951	-0.071214
0.576463	-0.646687
-0.349646	-0.331968
0.275812	-0.635994
-0.512945	-0.950849
-0.723773	-0.164673
-0.575463	-0.229437
0.555655	-0.740673
-0.973677	-0.710108
0.490309	0.061104
0.047491	-0.506021
-0.550713	0.083486
0.794111	0.688226
-0.529130	-0.165653
0.478933	-0.046300
-0.815013	-0.073116
0.882486	0.761450
0.280197	-0.467160
-0.570518	-0.443991
-0.103154	-0.083463
-0.394840	0.173073
