-1.504912	1.000933
-1.662479	0.930831
-1.666842	-1.219148
-0.572605	1.995861
-0.695294	-1.615212
0.013287	-0.252507
1.158349	1.116813
1.310747	-1.245386
0.184095	-1.173150
-1.942769	-0.709849
-0.578678	-1.036920
-1.967784	-0.039287
1.086711	-1.472696
1.095935	-1.135175
0.061089	-0.802017
-1.326670	1.488483
-0.021964	1.873271
1.135570	1.991323
-0.379236	0.293919
1.108136	-1.029945
1.862750	-1.777901
1.788761	-1.310400
-1.720670	-0.921088
0.110923	-0.757590
-0.494630	0.143138
1.203123	-1.407918
-1.835230	1.688016
1.535268	-1.942753
-0.250895	-1.266749
-1.269423	-0.762412
0.708613	-0.889141
0.699936	0.731623
-0.191928	1.701678
-1.038750	-0.329177
-1.249989	0.360423
-0.171077	-1.528655
-0.554483	1.334293
-1.351360	1.926375
-0.715074	-1.186591
-1.179806	-1.129343
-0.446555	-0.398766
0.601083	1.480541
1.711942	-1.456794
1.009783	0.443566
-1.182144	0.145244
-1.138961	0.488678
-0.388950	-1.150899
1.439973	-0.679554
0.774266	1.934930
-1.633716	0.700640
-0.780144	-0.820307
0.040050	0.050350
1.678527	1.593495
1.651583	0.279610
1.074036	1.961431
-0.008447	1.617241
0.971214	-1.564882
1.789069	0.580362
-1.621930	0.277748
-1.350617	-0.010880
1.126848	0.921510
-1.552706	0.639153
-1.617776	1.005437
-0.397920	-1.814870
-0.780970	1.642130
-1.102443	1.235625
1.177167	0.309661
-0.151506	-0.831280
-0.073098	-1.180293
-0.396162	-0.556067
-1.391223	-1.815800
-0.177997	0.886524
-1.166417	1.811122
0.013373	1.755092
-0.759785	0.460667
-0.556428	0.842891
-1.652429	-1.555029
-0.415187	-0.433400
-1.912899	1.820292
0.464157	1.322726
-0.358676	-0.367614
1.555849	0.810043
-1.624444	-1.586119
-0.996778	-1.015667
0.825225	1.870857
-0.568336	0.636347
-0.813244	1.876561
-1.655103	1.581002
-0.679866	1.187789
-0.332295	1.632760
0.565496	1.234305
0.385789	-0.301538
1.042586	-1.906856
1.339786	-1.325027
0.149829	-1.765739
-1.975451	0.563710
-0.762517	-0.991119
-1.937292	-1.120262
-1.406545	0.699054
-0.219789	0.575616
1.108865	-0.638788
0.296654	0.341897
-0.436545	-0.070586
-1.092607	-1.202240
1.293182	0.496222
1.386325	-0.163993
-0.633167	1.035318
-0.398905	1.059867
0.838578	-1.931252
-0.288661	0.901285
-1.051513	0.304794
1.712455	-1.914995
-1.824044	0.821320
-0.553783	-1.928294
-0.882026	1.788114
-0.364840	1.047388
0.432920	-1.303337
-1.070859	-0.611477
0.765149	0.755357
0.750985	-1.643548
-0.699468	1.195029
1.011871	0.096315
0.487433	-0.683336
0.199888	-0.598331
1.872611	-0.978791
0.847886	1.944316
0.139183	0.636000
-0.420523	-0.813429
-1.987604	-0.116766
1.320195	-1.058462
0.695208	1.706686
0.027114	-0.894460
0.457672	0.383565
0.575739	1.758204
-0.421405	-1.885315
0.770075	1.674910
0.602119	-1.913260
1.371565	-1.197993
1.244175	-0.176784
-1.663705	1.188492
0.972295	-1.232032
0.303802	-1.219635
1.032204	-0.376004
0.303961	-1.680795
-0.571411	-1.668925
-0.575255	1.886261
0.714640	-1.999517
1.644464	-1.706765
-1.884831	0.414540
1.968145	0.717288
0.501279	1.339710
1.989688	0.583885
-0.657489	-1.674017
-0.227623	-0.695091
1.298278	0.540345
-0.397920	1.320710
1.226076	-0.957388
1.545280	0.471201
-1.878881	-1.029975
0.357461	0.835759
0.001926	1.128994
-0.914323	-1.583535
1.802964	0.917744
0.436849	1.322259
-0.979266	-1.335230
0.793111	-0.030321
0.531693	-0.666544
-1.866228	-1.345834
-0.090358	1.359848
-0.303222	-0.300314
0.905128	-1.832021
-0.179195	1.875153
0.525440	-1.343436
-1.472634	1.785557
-0.068661	-1.056169
0.882696	-0.265697
1.861575	-0.680455
-0.943438	0.769007
-0.278668	0.002422
-0.866611	1.691011
-1.465886	0.466845
-1.885430	-1.332114
1.121010	0.024212
-1.972266	-1.182212
1.723898	0.932862
-1.014233	-0.455298
1.511207	0.201266
1.653677	-1.961428
-0.013177	-0.414984
-1.017597	-1.130481
-1.156022	0.189064
-1.624119	1.612985
-1.470657	0.097214
-0.384594	-0.337268
-0.211775	0.149520
-1.870424	-0.097205
0.817406	1.250587
0.845140	-1.931625
1.650904	-0.221998
-0.945858	-0.804394
-1.434652	1.396872
-1.396080	-0.616305
-0.413677	0.253215
-0.855970	0.430301
-0.480088	0.043286
-1.028378	1.617125
0.634353	-0.594650
0.763930	1.308145
0.014517	1.235151
1.470759	0.082891
0.886055	-0.751238
-1.918338	-0.165220
1.702382	1.478534
0.074475	-1.693698
-1.137771	1.899186
-0.107375	1.115444
-0.956784	-1.677074
0.563128	0.366212
-1.470655	0.180253
0.024904	1.163698
1.585603	1.833117
-0.072372	0.893747
-1.541264	1.942145
0.128898	1.929496
0.025036	-0.985046
-0.821742	-0.837931
1.013037	-1.135549
-0.912488	-0.829247
-1.013302	1.063378
0.029914	1.386304
-1.889454	-1.406958
-0.247484	-1.360109
0.773295	1.777421
1.803590	0.358897
1.610538	-0.268782
-0.747355	-1.930726
-0.326638	1.381543
1.998770	1.698398
-1.603503	-0.822973
-0.506888	-1.809936
-0.275081	0.068262
-0.722423	0.895671
0.264275	-0.040951
-1.941536	-1.705811
-0.654647	-1.830989
-1.112768	1.097870
1.660527	0.875290
0.019424	0.485828
0.343709	1.272069
0.555101	-1.982929
0.653612	0.553871
1.050109	1.730898
-1.424063	-1.456779
0.300855	0.611483
-0.801461	-0.803473
1.462814	1.155576
1.757003	-1.499070
0.344599	-1.355765
1.598799	1.153501
0.474090	1.765993
0.324185	-1.040083
-0.403746	1.515019
0.126773	-1.750134
0.068890	-0.157758
1.299974	-0.200212
0.418179	1.843195
-0.279250	-1.280966
0.454678	0.919289
-1.428199	0.382102
-0.928863	0.747390
-0.427933	-0.908012
-0.829133	-1.754511
1.088102	1.644956
-0.587713	-1.395126
1.008540	-1.880107
-1.752044	1.258406
0.188782	0.090198
0.558380	1.988570
-1.491623	0.401575
-0.290680	-0.772589
-1.143748	-1.371391
-0.571946	1.010711
-1.824557	-0.850183
-0.213823	-0.732568
1.933157	0.957044
-0.487079	1.021259
-0.475597	-1.566454
1.206874	1.645586
1.326766	1.893543
0.700492	-0.484451
-0.741128	-0.495881
1.660446	1.213439
-1.483301	1.842048
0.862501	-0.055247
0.852759	1.076611
-1.997424	-1.137213
1.387628	1.935734
1.819831	-1.099451
0.956993	0.421831
1.390538	-0.371295
0.070539	0.832624
-1.044529	-0.035918
-0.466884	0.471020
1.947822	0.791988
1.975139	0.439940
0.452434	1.188578
0.969133	1.030626
-1.086114	-0.116615
-1.901420	1.034082
-0.114038	-1.038633
0.421710	-0.178305
-1.218802	1.322260
1.203029	-0.252788
-1.830774	-1.168266
1.817751	1.001850
-0.212795	-0.218168
-1.465034	-1.741774
-0.270345	1.326954
-1.766635	-1.830405
-0.220612	1.421943
0.329063	-1.251479
0.452570	1.351032
-1.664045	1.449612
-1.303512	0.221917
-1.589021	1.118199
-0.807823	0.440459
-1.604794	-1.812330
-1.008475	-0.773060
1.993376	1.014145
-0.212746	-1.471658
1.272371	1.516908
1.505736	1.686503
-0.365317	0.927679
0.383204	-0.619751
-0.633402	-1.954390
-0.283796	-1.183791
-1.257902	1.938121
-0.772812	1.860297
1.981733	0.419365
0.300756	-1.195968
0.814570	0.488426
-1.958490	0.493847
-0.211067	1.055656
-1.718899	0.317275
0.328027	1.798010
0.172570	-0.166237
1.484513	1.807253
-1.238558	-0.499922
0.141691	0.866676
0.236066	1.857895
1.682885	0.978164
-1.089927	0.838462
1.329438	-0.860783
0.144008	1.627643
0.377338	0.185519
0.121491	-1.833729
-0.758825	0.402592
1.569201	0.200602
-1.343884	-0.597036
-1.536631	0.164406
1.185193	0.653825
0.051869	-1.110109
-1.836009	-0.265246
1.868056	1.960006
0.644827	0.706517
-0.025735	1.845734
-1.680465	-1.881726
1.473378	0.696873
-0.405131	0.863144
1.997461	-0.653311
1.114169	0.198062
0.002805	-1.482867
1.883176	0.466174
0.681538	1.068369
0.987634	-0.879762
1.151625	0.854992
1.111632	-0.500181
0.849386	1.474085
1.168921	1.592359
-0.134206	-0.103849
-0.501557	-1.271062
-0.504096	0.075627
-1.444712	1.693966
-1.921568	-0.927580
1.577142	0.544606
1.753958	0.645511
1.664604	0.741592
1.765749	-0.325506
-0.106783	0.620741
1.552439	-0.995151
-1.863099	1.854236
1.594645	-1.432902
1.023157	1.187004
-1.111049	-0.916845
-0.382111	0.524274
1.465020	1.693516
1.079561	1.158986
-1.848018	0.736128
0.316553	1.905940
-0.618360	-0.018842
0.647532	-0.852611
-1.459251	1.768130
1.208091	-0.454401
1.344992	-0.600166
1.912091	-1.577009
0.670340	-1.617236
1.753495	0.351880
0.929831	0.277769
-0.183100	0.623347
-0.642669	-1.024114
-0.490688	1.712015
-1.288152	-0.584748
0.693005	-1.937216
0.241043	0.348656
-1.396467	0.009173
-0.443253	0.149132
-0.102136	-1.098261
1.548966	-0.618800
1.971957	-1.948460
-0.803407	-0.716101
1.548473	-1.786270
0.082803	-0.634627
0.837077	1.440134
-0.767629	-1.050554
-0.055782	0.364698
1.146928	-1.362777
-0.612028	0.985880
1.397145	-1.457373
-0.704991	-0.555634
0.676209	0.258195
-1.298929	0.727749
-0.015030	0.532783
1.003261	0.198701
-1.384413	-1.631366
-0.964223	-1.944279
0.709894	0.268148
-0.994833	-1.236832
1.369866	1.910096
-1.150410	-0.202652
-0.701932	1.835469
-1.171636	-1.304787
0.008511	-0.009778
-0.177538	0.737625
-1.333569	-1.919343
1.438696	1.394180
-0.576334	-0.073037
0.538706	1.622367
0.542550	0.907340
0.598271	-0.382766
0.926292	1.603439
1.138659	0.973305
1.988248	-1.229347
1.588565	1.823718
-0.400984	-1.716222
-1.798186	1.607527
0.274000	0.024275
0.345152	0.940431
-0.216152	0.334611
-0.359623	1.207515
-1.820917	0.829881
0.804125	1.086422
-0.597604	-1.296344
-0.994165	1.084058
1.979140	-0.625445
-0.458776	-1.250207
-0.635058	0.348809
-0.753102	-0.433244
1.520898	1.591031
-1.698511	0.461329
-0.304037	0.085337
-1.204060	1.336340
-0.942485	1.515423
1.861639	0.601845
1.610758	-0.735964
0.025076	0.269871
0.389559	1.578052
0.249010	1.764113
-0.880723	0.998803
0.484219	-0.652388
-1.949026	1.303948
-0.504971	1.642005
1.605437	1.956358
-0.662032	-0.309226
-1.247702	-1.325692
-0.190187	-1.810269
1.106358	-0.328548
0.717116	0.935488
-1.257808	-0.794641
-1.679755	1.454369
-1.749251	-0.560479
0.453172	-1.022017
1.800783	0.952114
1.974714	1.104731
-1.552857	1.616719
0.710168	-1.596499
-1.599058	-0.844201
1.384567	0.965612
0.490925	-1.362936
-0.791959	1.572552
-0.049767	-1.222090
1.194016	0.270478
-1.767721	1.444765
1.709999	0.685451
-1.577252	1.633738
0.486234	1.374861
-0.409034	1.822004
1.225172	-1.698866
-1.774495	-1.820141
-1.297925	-0.618697
-1.913358	-1.653085
1.627583	0.577567
-1.016021	-1.762114
1.785607	-1.443469
0.945266	-0.264160
-0.665558	0.139282
-1.993682	-0.433279
-0.415953	1.716316
-1.747828	0.006795
1.350055	0.738406
0.958507	-1.670628
0.183679	-1.369495
-0.570835	0.363538
-0.667420	0.810468
-0.580778	1.157383
1.996789	-1.858637
-1.962137	1.782396
-1.302106	0.983129
0.032336	-0.877588
-0.475445	1.599057
0.706459	-0.759129
-1.286746	-1.409074
0.094911	1.549433
0.919007	1.298571
1.549512	-1.272264
-1.117907	1.538204
0.301315	0.695588
-1.930979	0.298104
0.836951	-1.893116
0.080501	1.534845
1.090013	1.598737
-1.787575	-0.876708
-0.833762	0.918884
-0.982533	1.632138
1.607102	-0.272951
0.504522	0.526110
-1.762366	0.075622
-0.246644	-1.665716
0.957715	-0.708440
-0.740970	1.987148
-1.327652	1.557134
-1.220768	-0.362365
1.869246	-0.763628
1.926123	-1.918330
0.359664	-0.907639
-1.276173	0.109828
0.632693	1.678916
-0.283069	-1.640259
0.183437	-1.756959
-0.614639	0.421071
1.138717	0.755354
-1.569723	1.358682
-1.582576	-1.968970
0.092542	1.241522
-1.189737	1.730177
-0.399535	-1.320492
-0.473411	-1.238822
0.618950	1.761733
-1.949961	-1.271221
0.394425	1.728955
0.445710	0.754167
0.688750	-1.860472
-1.666538	-0.992587
1.088817	0.283790
1.708522	0.447499
-1.180802	-1.874054
0.478529	0.911739
1.288791	0.641916
1.968300	1.608464
0.494522	-1.270522
-0.886528	-1.508789
-0.157749	0.885636
0.713671	-1.712040
-0.360197	-1.373937
0.976711	-0.220669
-1.040475	1.984123
-0.942425	-1.951658
0.267913	-1.233903
0.495841	1.087111
-1.025630	-0.001150
-1.740489	-1.736839
-1.359234	-0.772555
-1.750769	1.721967
-1.039061	1.183908
-0.547850	0.168624
0.677690	-1.662214
-1.117705	0.965650
-0.491642	-0.057639
1.756919	0.467883
-0.073516	-1.185505
0.516225	-1.805602
-0.419408	-0.987935
0.472635	-0.013565
-0.719641	0.732146
-0.078875	1.959591
0.481056	0.170356
1.681558	1.441995
-0.645736	-1.483003
1.522888	1.194687
-1.594817	0.160337
1.209520	-0.086460
-1.897302	0.966439
-1.618577	0.029182
1.780934	0.897648
0.223579	-0.638474
1.909713	-0.494912
1.834161	-0.103852
0.785447	0.566307
-1.293428	0.525898
0.876927	0.207455
0.068796	-1.768809
0.724452	0.962941
-0.080861	-1.805128
-1.840739	-1.920524
1.404391	0.072802
-1.817827	0.370830
0.454225	0.211355
0.151764	-0.648127
-1.565066	1.513290
-0.738414	-0.059978
1.347451	1.157734
-0.086243	1.303478
-0.567960	-1.560345
-0.069721	-1.691032
0.647110	1.999074
-1.459841	-0.628438
-1.705763	1.290701
1.156886	-1.546501
0.561278	0.526300
-1.067892	-1.019475
1.083872	0.332398
0.597162	1.593984
-1.861338	-0.055387
0.751719	-1.135869
0.055197	0.296172
-1.701975	1.985475
0.605139	0.945135
1.145298	-1.683303
1.439535	1.607398
0.103451	1.893034
0.977575	-1.335272
0.529925	-0.403164
1.399859	-1.706370
-1.319292	-0.267742
0.492270	1.277870
0.630933	-0.777517
1.495064	-0.919147
-0.208765	-0.621122
0.118633	-1.603625
-1.675988	0.103183
1.541672	-1.359291
0.981208	-1.751893
1.153198	0.874241
1.817927	-0.706425
-0.244393	-0.585237
-1.306565	0.049237
0.095471	0.425692
-1.458493	-0.626658
1.172440	0.595825
0.667504	1.676677
-0.036947	-1.541261
-0.944445	-1.918314
-1.144887	-0.620432
-1.603214	0.020277
1.234616	1.377994
0.387814	0.252235
-0.505934	0.205741
1.545810	1.249673
-1.760755	-0.701090
-0.284025	0.664938
-0.159582	1.089316
0.416872	-0.987142
0.246768	1.680361
-0.638181	-1.790179
-1.860900	0.417374
-1.708493	-1.005787
1.796942	0.476375
-0.609001	-0.182782
-0.289009	-1.231007
-1.914398	-1.901195
1.021228	-0.420332
0.567039	-1.170659
0.806284	0.128251
1.641024	-0.528778
1.968669	0.730341
1.888094	-1.018474
-1.584518	0.134862
-1.338112	-0.222699
0.344682	-1.199012
0.636189	-0.204799
1.991616	-0.887436
1.186200	-0.191165
0.823555	1.955194
-0.105563	0.922360
0.976422	1.474105
-0.456539	-1.696553
1.151955	-1.650255
0.792980	-0.179033
0.400367	-0.476679
-0.290939	1.381893
-0.061197	1.843923
-1.956219	1.716103
0.188606	-1.155232
1.910778	-1.175205
0.639969	1.902394
-0.062641	-0.173830
-0.288772	-1.239086
-0.218637	1.605665
1.683274	-1.242215
1.079771	-1.089820
1.383217	-1.937865
0.650991	-0.185085
0.855115	-1.528042
-1.621564	0.181019
1.597174	0.317238
0.024942	1.640955
0.033341	-1.786453
-1.514277	-0.055881
-0.961658	1.125693
0.975700	-1.048137
1.736614	0.733226
1.163407	1.419888
0.243177	-1.669932
-0.207743	-0.373606
-1.607797	-1.556752
1.441309	1.247318
1.656590	1.625753
1.096224	1.253765
-0.878834	0.894720
-0.665287	1.380443
0.373055	0.506136
1.766965	-0.651245
1.457999	1.324706
0.191224	0.488113
-1.494743	-0.317765
-1.268710	-1.164675
0.357684	-0.772472
-0.201007	-1.525154
-1.167054	-0.544417
1.929170	-1.290652
0.043591	-0.949664
1.604068	0.019923
0.385049	0.984511
-1.241896	-0.509353
0.106859	-1.051354
1.032046	1.192229
-0.479841	1.697486
-1.177895	0.251448
-1.467189	-1.703402
-1.390868	-0.239661
-1.785662	0.408125
0.235184	-0.952716
1.863709	0.335783
-1.023547	-1.426943
0.026788	-1.822875
0.399297	-1.588163
1.161637	0.339672
-1.347716	0.047012
1.276800	-0.399070
0.469029	-1.259200
0.166515	-0.437095
-1.149335	0.699326
-0.540203	-1.540336
0.073841	1.867922
0.694849	1.121125
-0.969368	-1.902422
-1.695312	-0.589994
0.124366	-1.518187
1.809304	0.536203
1.643450	0.148976
1.706145	-1.704266
-1.804012	0.982944
-0.103336	-0.724954
-0.548027	0.637463
1.618488	-1.799631
-1.275073	0.317814
0.059872	0.184725
0.777478	-1.866287
0.052647	-0.527673
1.254837	-0.215722
0.502959	1.352415
1.912966	-0.523219
0.570780	1.722270
-1.987015	0.214230
-0.128754	1.719129
0.509964	0.067234
0.702074	-1.593373
-1.845953	1.044090
1.216542	1.772535
1.244459	1.941470
0.090348	-0.695670
0.126194	-1.132174
-0.561957	-1.821159
0.340153	-1.307120
-0.036880	-1.156887
-1.954705	-1.947914
-1.243921	-0.477924
-1.521652	-0.464940
-1.162905	0.349594
1.347059	-1.583173
1.753685	1.759107
-1.889690	0.797776
0.975649	1.882844
0.042234	0.917119
-0.026807	1.346565
-0.956687	0.841019
-0.777846	-0.818828
1.185274	0.024285
-0.477218	1.237359
1.044858	-0.139775
1.258711	-1.420081
-0.391695	-0.165892
0.044378	0.025132
-0.209629	-0.201936
-0.215761	-0.099320
-1.404161	-1.240112
0.638074	1.677006
1.756717	-0.015362
-1.279681	0.597736
-0.057527	1.778908
-1.753267	-0.872253
-0.196807	-0.230485
-1.634894	-1.416444
-1.185626	0.225331
1.842268	-0.605708
-1.077349	-0.549428
0.967030	1.475705
-1.234907	-0.740056
-0.639067	0.019831
-1.297024	1.999006
-0.303162	-1.540307
-0.016356	0.417157
1.057429	-1.247110
0.836337	-1.000377
-1.360471	0.769139
-0.776915	1.583512
-0.934647	-1.022196
0.515925	-1.793796
1.967495	-0.008370
-0.775025	-1.267411
-1.855574	0.093521
-0.728595	-1.152599
0.968243	-0.692906
-0.614600	-1.635478
-1.170938	-0.254969
1.200859	-0.171315
1.232408	1.840388
-1.402176	-0.915108
-1.818664	-0.837293
0.128827	-0.840860
0.163173	-1.355248
-0.634655	0.130668
0.636382	0.590320
-0.112044	0.734745
-1.043222	1.159361
1.049306	0.127604
-1.110760	1.125478
-0.746238	1.954540
-0.741965	-1.545379
-1.509557	-1.704991
0.381049	-0.424665
-0.641517	0.562385
1.487310	1.721526
-1.098786	-1.867939
-0.913129	1.031882
1.677190	-0.104861
-1.343601	0.411935
1.815760	-0.005919
-0.098776	-0.056635
0.883321	-0.973298
-1.862917	-1.018758
0.714404	-1.408296
1.204847	-1.113287
-1.219818	0.245196
1.707902	1.518223
-0.267494	1.429428
-1.580563	-0.135432
-1.483702	1.451319
-1.806512	-0.653541
-0.710589	0.605423
-0.894829	-1.400495
1.048536	1.482826
-1.495095	1.619909
-1.892456	1.219309
-1.788387	0.872012
0.424155	-0.901674
1.204337	1.343522
0.722560	-0.923972
1.141997	0.940596
0.593317	1.573607
1.864644	1.939775
-1.136982	0.470067
-0.031811	1.069571
0.237753	-0.983276
0.552397	-0.635945
0.172306	-0.528401
-1.259063	0.383919
1.165093	1.482244
0.369430	0.825767
-0.908010	1.901795
1.241426	-1.766013
0.842391	0.912582
0.415998	0.777225
1.279016	-0.752708
-0.752795	-1.683136
-0.857016	0.263929
0.869261	0.507039
-0.958433	1.978639
-1.473505	1.425485
1.691588	0.907730
0.061018	-0.266503
-1.230042	1.153008
-1.988616	1.386995
-1.522317	0.923966
0.893681	-0.298809
-1.018622	0.172697
0.948483	1.886609
1.419902	1.265347
-0.316169	0.134608
1.536633	-0.530612
1.176175	1.515272
0.601661	1.837522
-0.312529	-0.490610
-1.479089	1.748489
1.242887	-0.709131
-1.121821	-0.697747
-0.644138	-1.773781
-1.497210	-1.750457
-0.072590	-0.515832
0.422240	-1.124107
-0.157858	-1.858760
0.400371	1.525972
0.275849	-0.062997
-1.004639	-0.547976
0.991244	-1.946315
-0.710203	-1.321284
-0.189292	-1.572795
-1.194038	1.101576
-0.315859	-1.596171
-0.382807	1.040002
0.119982	1.289545
0.557458	1.604150
-0.288215	1.433351
-1.025073	1.553927
1.375298	1.079899
-0.687699	-1.924740
1.302464	0.764576
1.356149	-1.945627
1.745220	-1.080776
-0.134919	-1.827575
-0.274814	-1.033343
1.501126	1.409327
-0.881681	0.449329
1.238301	-0.261126
-1.442008	0.842452
1.991343	1.817379
1.004586	1.565935
0.084485	-0.583625
-1.495022	0.159745
-1.281161	1.269554
-1.925012	1.323927
-1.028530	-1.005787
-0.856105	0.719399
-1.354979	0.128726
1.526152	-0.236660
-1.421944	-0.473313
0.316930	0.084679
1.844092	-0.232410
0.076023	1.661471
-1.227824	-0.358043
0.856661	1.058332
-0.983593	1.777172
0.628680	0.242657
1.852160	-0.047393
1.214127	-1.153627
-1.641978	1.565772
-0.702719	-0.996957
-1.176566	0.766382
0.350121	1.768023
-1.410516	-1.565200
0.357074	0.510823
1.273587	1.129249
0.127734	-0.014089
1.211112	-0.513140
0.988284	-1.884460
-0.755026	0.840444
-1.540899	1.686817
-0.790237	-1.182877
0.507044	-0.179835
-1.052913	1.330477
1.219640	-0.319402
-1.645429	1.809124
0.115398	1.966686
0.166198	-1.373780
1.240273	-0.704553
-0.631993	1.281358
0.854867	0.283675
0.978397	0.970406
-0.181159	-0.961447
1.987750	-0.494342
0.248316	-1.195128
-1.241754	-1.244640
-0.294667	-1.914163
1.211585	-1.075027
1.566156	-1.265902
1.532842	0.900295
0.773115	-1.804257
-0.712947	-1.858878
1.477100	-0.722835
-0.239225	-1.744438
-0.033606	-0.710576
0.074403	1.004948
-0.722826	1.580061
0.082047	-1.661693
0.008623	-1.292916
0.043641	0.094460
1.918669	0.968614
1.860894	1.484826
1.702712	1.742727
1.017668	0.603008
-0.209218	0.798750
-0.462168	-0.068096
0.275851	0.814997
-1.072108	-1.963374
1.070560	0.894286
-0.855037	-0.100766
0.603225	-1.274976
-1.314729	-0.936669
-0.607645	1.106972
-0.688975	0.075586
1.116475	-1.204150
0.859201	1.813518
-1.618695	1.109981
1.180056	-1.352188
-0.544094	1.462810
-0.507468	0.533369
0.818583	1.678332
-0.742383	-0.578193
-1.589886	0.107078
-0.533313	-0.428766
1.499433	-1.426341
-1.189542	0.649245
-0.393692	-1.572457
0.802491	-0.580174
-0.087528	1.024126
1.988904	0.560284
0.560330	-0.555190
1.024426	0.937343
0.382808	-0.244074
-1.765206	1.640425
1.177733	-1.361851
-0.715189	0.104836
-0.378227	-1.215756
0.448588	-0.405298
-0.672260	0.391878
-0.244718	-0.805631
-1.379164	0.564131
1.644962	0.553035
-0.332875	0.205291
1.997845	1.690218
-0.770283	0.935188
1.612526	-1.308887
1.252951	1.868846
-0.880376	1.303490
1.224460	-1.074737
-0.097045	1.373851
1.532604	1.230695
0.733614	-1.014023
1.354450	1.550108
0.999411	0.103142
1.734064	-0.795298
0.100987	1.424282
0.434420	-0.963825
0.046946	-0.272712
-1.847563	-0.700104
-0.403867	-0.727939
0.749790	-1.503478
-1.312308	0.399477
-1.779705	-0.369828
0.668230	0.953909
-0.371672	0.308359
0.166257	1.695267
-0.692230	-1.730601
1.429331	0.512472
0.853612	-1.053108
0.524575	0.993838
0.677011	-1.706266
0.729982	1.949073
-1.102880	-0.520228
0.425769	0.167464
0.845071	1.328270
-1.524757	-0.003500
-0.658332	1.091392
1.650027	-0.742351
-1.042204	-0.472952
1.470268	1.897434
-0.396961	-1.582839
1.303995	-1.872387
1.410998	-1.562157
1.704732	1.167825
0.753698	-1.398147
1.199292	1.027622
0.044363	0.355892
-0.797181	0.519607
0.544487	-0.389001
1.977220	0.194513
0.868648	1.297316
-1.604304	0.046742
0.622578	-1.706870
1.649781	1.039739
1.777394	0.450737
-1.965032	0.582019
0.155469	1.202792
-0.664284	0.757322
-1.464992	-0.215056
0.665449	0.579372
1.868268	-0.901022
-1.506772	0.412755
0.709977	-1.529552
-0.421376	1.767764
1.759578	-0.025680
-0.185494	0.382156
0.267450	-0.535713
-0.578106	-0.135425
-0.758319	1.872631
-0.100457	1.823699
0.028101	-0.897665
-0.840584	-1.214577
-0.305576	0.570367
1.618173	-1.726204
0.711203	1.486441
1.204430	-0.100804
-1.917249	1.674879
0.506464	-0.338624
1.442642	0.266041
1.635696	-0.742852
-0.096854	0.721435
0.070091	1.767721
1.963116	-0.057277
-0.332737	1.786815
1.970823	0.769598
-1.053769	-1.243754
0.640656	1.326613
0.914452	0.037815
0.826937	-1.712774
-0.757754	-1.273867
-1.082876	1.232596
-1.640233	-0.501362
-0.332952	-0.383085
0.146835	1.570194
-1.661650	-1.783074
1.337915	-1.698534
0.159648	-0.994822
-1.911719	0.130471
1.774776	-0.965488
0.886718	1.497099
0.213330	0.837595
0.589620	-1.748854
-0.335469	0.876846
0.390664	1.246822
-0.376740	-0.721825
1.121898	0.945223
-0.731268	0.515417
-0.514342	-0.146668
-0.972986	1.645306
-0.884705	-0.224222
0.633287	0.149807
-1.337505	0.130386
-0.175025	0.875826
-1.032020	-1.585405
0.632511	1.291440
-0.976825	0.538263
0.646435	1.816438
-0.198839	-0.231667
0.761661	0.188359
1.037066	-0.722922
-1.477276	1.130410
-1.831970	-0.011080
-0.943785	-0.056192
-1.377793	1.206022
0.752593	-0.969003
1.720573	-0.554408
-1.390900	0.353084
-1.262967	-0.770537
1.275295	-1.739658
0.022694	1.091733
0.061503	1.791027
-0.146606	-1.750138
0.828093	1.130472
1.350816	0.260882
1.104689	1.518846
-1.839096	-0.537346
-1.127990	1.366926
1.624602	-1.602076
-0.448915	1.345175
0.160186	-0.301741
0.580549	1.389649
-0.144156	1.649991
1.097212	-1.052422
0.888239	0.800972
-0.283668	-0.068556
-0.874875	-0.932852
-1.770185	-1.414006
-1.557871	-1.609281
0.048647	-0.685861
1.757646	0.117604
-1.061259	-1.844431
1.668689	-1.716084
-0.000915	-0.171125
-0.017825	-1.420366
-0.781476	1.056692
-1.131486	0.153904
1.383056	0.580008
0.184028	-1.458635
0.758474	-1.884528
-0.333510	1.825622
-1.692201	-0.103695
-1.588384	-1.250072
0.460263	0.064067
0.044670	-1.422132
1.002808	0.200239
-1.753443	1.286724
-1.800675	0.075432
-0.731101	-1.221041
-1.674409	1.214437
-1.837530	0.479495
0.597493	0.742478
-1.218479	1.283843
-1.103007	-1.049667
-0.795209	0.846638
-0.045281	-0.866338
-1.022386	-1.981214
1.178332	-0.444518
-0.621428	-0.197961
0.308318	-0.422104
1.877471	1.577217
0.356855	1.171427
-0.428708	1.333897
-1.831215	0.076375
-0.096058	-1.049694
-0.639782	-1.815946
-0.152701	0.310551
0.289789	1.052090
-0.842810	-1.192860
0.290852	-0.215246
-0.974404	-0.530816
-1.952810	0.847756
-0.857724	0.355508
-0.980253	-0.067274
0.782507	-1.808826
-0.164466	-1.646201
1.525071	-1.782162
-1.477416	-0.398554
0.121780	-0.527110
0.961664	0.305834
-0.727784	-1.404377
0.429405	-0.597237
-1.279743	1.187517
0.189441	0.527753
-1.548126	-0.962803
0.807382	-0.537151
-1.259893	-1.754644
-1.119051	0.575641
-1.593980	0.793479
0.007467	-1.084741
0.594629	-1.030869
-0.085183	0.241346
1.816715	-1.712904
-1.329248	-0.780522
-0.608991	-1.593005
-1.929132	1.580451
0.934748	-1.477259
0.604777	1.330123
1.294552	-1.929769
0.325853	-1.824498
0.645872	0.925008
-0.560649	-1.953254
0.588989	0.354610
0.641375	1.558120
-1.443807	-0.200534
-0.607582	-1.156711
0.611896	-1.490527
1.018891	-1.419659
-0.046361	-0.896918
-1.940675	-1.441585
-1.566795	0.139822
1.852967	-1.496564
-1.534326	-1.971531
1.149308	1.390682
-1.411341	1.437428
0.943269	0.078804
0.757099	-1.481028
-1.443435	-0.088610
1.478285	1.026783
1.987757	0.888009
1.542176	-1.431902
-0.504185	-0.328820
0.389011	0.054230
0.104385	-1.471167
-0.092803	0.607821
-1.005493	-0.064334
-0.242871	-1.614811
0.545657	0.345788
1.822618	-0.255363
-0.710943	-0.098578
-1.498264	-0.191971
-1.463582	-0.941698
-1.985298	-1.914916
-1.757296	-1.997540
0.973094	1.784880
-1.429442	-0.697220
0.241738	1.691792
1.334925	-1.653877
-1.779375	-0.757878
0.953944	-0.784868
-1.288927	-0.399678
1.056861	-0.577061
-1.654082	1.324361
1.969820	0.153947
1.860779	-0.971879
-0.126635	1.875481
-0.886794	0.116069
1.877941	-1.913700
-0.099051	-1.551501
-0.610920	1.181644
-0.919129	0.516569
-0.698504	1.758692
-0.009696	0.516629
0.936481	0.701377
-1.340073	-0.241762
-0.460111	-1.871990
0.104156	-1.135750
-1.902170	-1.741897
-1.274971	-0.874049
-1.399490	0.239157
-1.752463	-1.521549
0.325457	0.148487
-1.073050	1.714536
-0.669869	1.617187
1.846700	0.653547
0.096904	1.605392
-1.356149	-1.386467
1.345227	-1.269517
-0.896534	0.270372
1.329809	1.207622
1.427639	1.465725
-1.446410	-0.402806
-1.539838	0.792747
-1.061387	-0.881796
-0.134437	-1.167260
-0.676651	-0.517250
-0.829951	-1.863704
1.725053	-1.224558
-1.219853	-1.661415
-1.874626	-0.930932
0.519113	-0.771160
-0.151078	-1.563538
0.474062	-0.723439
0.333714	-0.169849
-0.500619	0.793875
1.344112	1.732488
-0.258898	1.337331
-0.401949	0.573843
-1.339320	1.080801
-0.169271	1.217097
1.927044	0.606171
1.997244	-1.734371
-0.076515	-1.877382
-0.665303	-1.557402
-1.325863	0.291520
-0.212080	1.148199
1.568081	-0.309893
-0.518088	-0.601768
-1.724212	0.021131
0.533601	-1.991724
1.762233	-0.129068
-0.393673	0.336076
0.531611	-1.312872
-1.637660	1.904225
0.465111	0.968511
0.730740	-1.108004
-1.934564	-0.665406
-0.624455	-1.260427
1.163465	1.887772
1.194195	-1.146427
-1.407573	-1.956939
-0.354528	0.613558
0.576662	-0.346252
0.375791	-1.552406
1.260076	-1.288133
1.947204	1.249934
1.341546	1.851429
-0.284955	0.310057
1.752898	-1.554215
1.202053	1.776985
-1.488779	-1.463353
-0.749207	-1.837240
-1.684004	-0.861435
-0.830431	0.508249
-0.787370	-1.846279
0.562941	1.789292
-0.192531	-1.061268
-1.763114	-0.932455
-0.349401	1.216092
-1.099466	0.557637
0.615579	-1.132306
1.061363	-1.930253
-1.603939	1.572584
-1.393606	-0.451409
-1.230846	-0.135413
-0.038057	-1.873890
1.034156	-1.529808
-1.753214	-1.376087
0.638433	-1.963922
0.431382	1.577166
-1.727036	1.498927
-0.772235	1.489056
0.128299	0.046693
-0.620147	-1.256123
-0.001072	1.805240
0.984135	0.394989
1.590529	1.943580
-1.798798	-1.640317
-0.191832	0.163145
-1.514207	-1.157676
-1.438714	-0.910890
1.199719	-0.874812
0.776885	-0.601848
-1.995351	-1.112792
-0.298768	0.132948
0.933901	1.081085
-0.151711	-0.919987
0.682065	-1.167576
0.059890	-1.577047
1.418583	0.261092
-1.217364	-0.773250
-0.731570	0.069074
1.057573	-0.170285
1.158184	0.314822
-0.970566	-1.716629
-1.996547	1.806319
-0.318477	-0.808990
1.810968	0.568731
0.892242	-0.056084
-0.497368	-0.026673
-1.179259	1.350921
1.502807	-1.816654
0.528343	-0.437303
-1.393701	-0.053074
1.823789	-0.611065
1.173676	-1.751974
0.657365	-0.757250
-1.512920	-1.599066
-0.379579	-0.483486
-1.315695	-0.376127
0.365829	0.814883
-1.065440	-0.292874
1.077718	0.437192
1.898459	-0.211886
0.733794	1.401265
-0.737863	-1.036038
1.209062	-1.212249
0.382738	-0.964223
1.625489	-1.658624
1.111138	-1.973577
-0.038203	-1.372348
-1.289272	1.585670
1.076556	0.400554
-1.988884	-1.892320
0.162004	0.448308
1.788133	0.060462
-1.763578	0.521927
-0.538272	0.207882
1.784064	0.425690
-1.214360	0.993126
-1.247667	-0.624136
1.376391	-0.998647
0.487529	-0.972224
1.115180	-0.261497
0.138063	-0.934335
-1.184940	-1.461383
-1.173824	-1.353703
1.274485	-1.565570
1.510907	0.956357
-0.281211	0.740420
-1.740165	0.504429
-0.266454	1.473277
1.256762	1.109411
0.633152	-1.889236
-1.686909	-0.879319
0.865483	-1.764139
0.877043	-0.996454
1.692103	-0.457837
-0.548522	-1.481721
1.763434	1.792764
0.622889	-1.864149
1.303671	-0.420754
-0.977540	-1.680334
1.526888	0.053213
-0.296891	0.783650
-0.837376	-0.574395
-0.726612	-0.261304
0.537483	0.411927
-1.395820	0.773344
-0.392274	-1.925129
-1.018928	1.149889
-0.500649	-0.661652
-0.707885	1.961237
-0.574366	-1.404214
1.395631	-0.381755
-0.139850	-0.374537
-0.854867	1.913363
1.328573	1.928783
-0.924013	-1.245822
0.349374	0.492874
1.883068	-1.238699
1.097054	0.656412
-1.295221	0.731283
1.854668	-1.742368
-1.469306	-0.806984
-0.177192	-0.845747
0.973049	0.418594
0.368680	-1.963161
-1.445113	1.994143
-0.818027	-1.531751
-0.889244	-0.455764
0.456341	1.893610
0.569767	0.339409
-1.345089	-0.333179
-1.004179	0.705181
1.727103	-0.263476
0.226269	1.984735
0.267217	1.419285
-0.467850	-1.909975
-1.426462	-1.494801
1.268275	0.873878
1.823161	0.868021
1.727431	-1.708589
0.190737	-1.161813
-0.164354	0.267630
1.294528	-0.270744
-1.162602	-0.366064
0.504219	0.629757
-1.124180	0.356860
1.102088	0.341595
0.521373	1.873744
-0.816887	1.094911
1.691733	0.363186
1.252821	0.237191
0.186347	0.120843
-0.035378	0.477758
-1.688420	0.802809
-1.686596	0.579211
0.097337	0.042660
1.416609	1.731273
-1.573174	-0.079172
0.361030	-0.483826
0.796648	-1.282110
-0.101264	1.059484
-0.564867	-1.579891
0.933229	0.618246
1.312172	0.309979
-0.121794	0.564994
-1.452830	-1.935446
-1.314163	0.511792
-1.002583	-0.685399
1.576627	1.411938
-1.101624	0.993236
-0.674798	-1.085936
0.841377	1.710711
0.222131	1.183422
-0.390553	-0.718385
0.029556	-1.785156
1.236801	-0.455423
-0.453220	1.422783
0.093950	1.487337
0.777847	-1.394258
1.775264	-0.079657
-1.114636	1.351891
-0.216260	0.345127
-1.524508	1.108943
-0.020267	-0.049681
0.969901	-1.798137
-0.866259	-1.420651
-0.247705	0.608905
-0.301677	-1.010904
-0.774661	0.535877
1.317349	-1.370174
0.095196	-0.764432
-0.906750	-0.129541
1.155911	-0.021386
-0.777650	-1.511808
1.567477	-1.036316
0.826667	0.943417
-0.203432	1.145281
-0.044643	0.375917
-1.371241	1.707652
-1.015178	0.327082
-0.861697	1.552421
-1.285432	0.869770
1.778169	-1.035035
-0.901980	-1.128581
-1.746068	0.850033
-1.942226	-1.257876
0.612387	1.625251
-0.294192	-0.516316
0.451918	-1.350774
-1.751514	1.794507
-1.739343	0.624403
-1.576734	1.968310
1.609224	0.750347
-1.252473	0.302768
1.897684	-0.537905
-0.827462	1.760135
-0.759736	0.137503
-1.141845	0.111683
-1.027073	-0.887913
-0.969298	-0.145789
1.574102	-1.344048
-0.942214	1.107870
1.363087	1.356356
1.623744	-0.019242
-1.572983	1.592054
-0.410018	1.177365
0.337510	-0.519867
-1.845204	1.799605
0.652671	1.914932
-0.960131	-1.209826
1.151551	-0.236899
-0.114826	-1.886733
0.793802	1.739385
1.687369	1.449755
1.299405	-1.254845
1.508650	-1.891758
-0.086020	1.512402
1.731986	1.894738
1.939419	1.324040
-0.515279	1.116784
1.822231	-1.403083
1.735948	1.621835
1.249588	1.650880
-1.960239	-1.576033
1.813255	-0.197138
0.309141	1.926522
-1.403335	0.048527
1.613891	-1.953581
-0.652069	-1.640954
0.604044	-1.143419
-1.481976	-1.631017
-1.800726	-1.587238
-1.691598	1.523314
-0.102517	1.425186
1.104466	-0.280286
-1.977897	0.840415
-0.658451	1.271690
0.003253	1.311452
0.915262	-0.183491
-0.885686	-0.775597
-0.289021	1.272930
-0.643078	-0.242602
-1.379139	-0.284032
-1.638558	-0.522557
0.183256	-1.120534
-0.153574	0.382530
-0.707772	0.154828
-0.094155	1.189712
-0.419986	-0.989689
-0.397883	1.850726
0.250974	-1.126193
0.342021	-1.745772
-1.814741	-0.742717
0.070736	-0.700427
0.481686	1.813767
1.010552	-0.245384
-0.829311	-1.232050
0.886657	-0.870608
-0.930087	0.008858
-0.300654	1.452443
1.301087	1.854174
-0.641712	0.490798
0.368599	1.400224
1.036305	0.219325
-0.348802	1.910113
-1.438654	-0.094574
-1.904628	-0.181371
1.976162	-0.605055
-1.699685	1.789930
-1.594503	0.054930
-1.039382	-0.826553
1.847275	0.302839
-1.716672	-1.082813
-1.688303	-0.017326
-1.630370	1.612784
-0.163152	-0.272082
0.103582	1.271036
-1.903483	-0.496194
0.307341	0.315842
1.155004	0.217454
0.877188	-0.939570
-1.304183	-0.963408
-1.003868	-1.173478
1.051062	-0.212860
-0.713284	1.481470
1.589555	1.764797
0.551602	1.901252
-0.252529	0.921233
1.514036	1.584318
-1.350849	-0.382382
0.855354	-1.254331
-0.837304	1.061511
1.380150	-0.061301
1.336858	-0.307024
0.634516	-1.626549
-0.599252	1.630648
-0.800028	-0.485983
0.987113	0.800732
-1.378472	0.390287
-0.072024	1.173130
0.291539	1.675447
0.094363	-0.194425
1.259765	0.743514
0.115119	1.489183
0.544617	1.277815
-1.178955	0.657965
-1.842097	-1.649059
1.123909	-1.468646
0.754558	-0.268674
1.265705	-0.563733
0.066438	1.599447
-0.660033	-1.543275
-1.486903	0.748263
0.607460	-1.446162
-0.649026	1.977031
0.577755	-1.159843
-0.144430	1.390851
1.342694	-1.486465
1.500597	-1.135524
-1.968049	0.616165
-0.241289	-0.236722
-0.118129	1.194978
0.481717	1.948308
0.794425	1.821683
-1.594967	-1.678152
-1.665220	1.153296
0.942240	1.707134
-0.012646	-1.706786
1.684166	-1.434891
-0.866629	0.205814
0.420679	-1.475778
-0.451492	0.934214
-0.950894	1.798690
1.408620	-0.918943
-0.832669	0.844335
-1.637691	-0.673949
-1.754967	1.156734
-0.852265	-1.349934
-0.517485	1.803362
-0.996699	-1.575245
0.990654	-1.282031
1.555763	-0.148659
-0.599523	-0.023558
0.375563	0.948985
0.780029	1.998091
-1.290655	0.188649
-0.920852	1.124200
1.923482	1.420925
1.718289	-0.750467
1.665958	0.875023
-1.683976	0.353605
1.879783	-1.880614
1.356906	-1.695462
1.629882	0.347560
-0.977493	0.824545
0.873848	-1.774979
1.879765	-0.750589
1.174007	-1.209579
1.172097	-0.500234
-1.748755	-1.376034
-0.425932	-1.825273
-1.955110	-0.707643
-0.575739	1.710849
-1.832621	1.821529
-1.973127	0.520985
1.701311	-1.853741
-0.122110	-1.994151
1.776141	-1.774549
-0.971644	0.600686
1.902203	0.825707
0.008540	-0.848386
-0.000286	0.798960
-0.818946	-0.828189
1.399142	-0.576943
-1.026790	-0.402216
0.265567	1.022045
-1.321569	0.432946
-1.294697	-1.046069
-1.148438	0.831821
-1.372297	1.057272
1.228388	-0.813954
0.054096	1.194586
-1.367094	-1.946190
-0.006454	-0.186040
-0.774379	0.292273
-0.786898	0.648677
0.186312	-1.753538
-1.817453	-1.548121
1.268507	-1.139023
0.112080	-0.433719
1.838755	-1.343035
0.417842	0.670577
1.045545	-0.272151
0.786787	0.273934
0.913895	0.268080
-1.671971	0.108481
0.900986	-1.618161
-1.285054	-0.392540
-0.071952	-1.743863
-0.390735	-1.885640
-1.497401	-0.208188
-1.433762	1.771105
0.652789	1.451063
-1.780931	1.289818
0.540150	0.636912
-0.252152	-0.317543
1.688243	-1.465365
1.956391	0.602139
0.802715	-1.715580
-1.289380	-0.296299
-1.333742	-1.187352
0.273718	1.206948
-1.653306	0.529855
-1.183787	-1.538946
0.608025	-0.972708
-0.739186	-1.521645
-0.520117	1.768173
1.226893	-1.883205
-0.271432	-1.025259
-0.200748	-0.583189
-0.490624	-0.244357
-1.981050	-1.687909
0.040063	-1.270431
0.015792	0.706321
-0.457783	-1.565562
-1.019961	-1.250835
1.509894	-0.434621
-0.757813	0.542347
0.269479	-0.654095
-0.565783	0.747834
0.914101	0.516007
1.030896	-1.755425
0.234282	-1.169851
-0.338614	1.743658
0.585792	-0.319665
-1.944251	-1.374146
0.409904	0.071540
1.332175	1.952121
0.505979	-1.687786
-1.298713	1.287112
0.266665	-1.470701
0.364455	0.440069
0.798778	1.710360
1.874286	-0.453388
-0.256991	0.788387
-1.937381	1.002550
-0.180716	-1.692807
-0.763168	0.649432
-1.019509	-0.764776
-0.963761	-0.138922
0.058818	1.107780
-0.806747	0.010939
-0.386242	-0.494533
0.712226	-1.099130
-1.021108	-0.569832
1.418961	-1.771054
1.402390	1.293247
-0.854601	0.081634
-0.161824	-1.852051
1.900918	0.145370
-0.615218	0.550350
0.365272	1.785574
1.762862	1.401512
-0.353347	-0.178320
0.509291	0.839906
-1.876950	-1.654626
0.544846	-0.976081
1.523737	0.454088
-0.635021	0.942698
-1.232631	0.235945
-1.541409	-0.087232
-1.682421	0.296768
0.060717	-1.781503
-1.557863	1.445499
0.768847	-1.443915
0.554422	-1.681053
-0.787717	-1.798926
0.140627	1.721574
1.040981	-0.026754
1.844624	1.386354
-1.481908	-1.131457
-1.958171	1.322631
0.424281	0.984527
1.191650	-0.779529
-0.895582	-0.461950
1.165135	-0.243453
-0.796838	0.610634
-0.240753	-1.578595
1.079816	0.078194
-0.366312	1.280890
-0.644738	0.321871
0.192068	-0.800114
-0.291775	0.710160
0.068429	0.767528
0.751989	-0.608940
-0.263485	1.396725
-1.616541	0.956986
-0.512123	-1.504964
0.622006	-1.346988
1.825168	1.263646
0.776977	-0.415585
-0.143207	1.662609
-0.681261	-0.862316
0.674001	1.459555
1.873887	-0.832220
-1.216342	-0.057684
1.935308	1.535646
1.333377	-0.872883
0.730102	-0.489424
-1.408916	0.998453
1.213090	1.651465
1.038258	0.915111
-1.377327	0.600161
-1.714718	1.918900
-1.252779	-1.833288
0.592901	-1.793224
0.240211	0.466788
-0.625445	1.023869
-0.690137	0.559515
0.436980	1.831677
0.472582	1.947556
-1.939176	1.063666
0.946008	-1.214992
0.597473	1.760775
-0.684986	-0.487416
-0.062313	-1.887255
-0.876944	0.222969
-1.968355	-0.129724
0.389681	0.624546
0.077052	-1.370108
-0.908666	1.451607
-0.499562	-1.238530
-0.757082	1.198450
1.715501	1.146005
0.105777	0.779167
0.092014	0.890785
-0.944076	-1.310513
0.370938	0.202070
-1.834922	-1.691375
0.314815	-0.711866
0.531593	0.346460
1.158411	-1.078726
-0.764538	-0.448834
-1.312930	-0.795074
-0.551460	1.418202
-1.353010	-0.536846
1.792995	1.568931
1.300365	-0.114991
0.459715	-1.643711
0.574496	-0.888725
-1.223434	-0.723646
1.091381	0.564488
-0.562158	-0.277102
0.488719	0.408849
0.958361	-1.960115
-1.528811	1.645430
-0.755189	-1.966032
-0.906029	-1.336987
-0.259039	0.126167
-0.639137	-0.466044
-1.338772	1.418965
-0.982483	-0.006539
-0.733912	1.744743
0.770027	0.542442
-0.138591	-0.893071
-1.651961	1.299251
0.829828	0.836757
-0.211812	0.876642
0.179288	-0.566381
-1.878546	0.213256
0.527589	-1.215533
-1.731450	0.910634
-1.586217	-0.197494
-1.394268	-0.924989
-1.239455	0.092528
1.214932	0.026633
-0.162729	-0.015040
-1.430925	-1.382135
-0.323996	-1.034096
-1.494168	1.802661
-1.146282	0.294020
0.679303	1.033006
0.800757	-0.753738
1.585224	-1.700817
0.523778	0.495858
-1.673716	1.101589
-0.452245	1.862134
1.880505	-1.237313
-0.111233	-0.282223
0.747647	0.457842
0.594016	-1.866153
1.301546	-0.260365
-1.360321	1.104207
0.933699	-0.216489
-0.373641	0.661338
-1.415732	0.872620
-1.830508	1.171803
1.440344	0.665349
1.766628	-0.233061
-0.327254	-0.685617
-0.370927	-0.446748
0.077070	1.517841
1.271028	-1.175283
-0.393330	1.418733
0.109530	-1.091784
-0.841633	0.749209
1.751720	-0.317092
-0.204066	-0.621922
-1.655755	0.380202
-1.749301	-0.739189
0.549693	1.422502
-0.784957	1.307271
0.981982	-1.019983
-1.388945	0.533268
-1.871104	-0.195703
-1.316047	0.104579
1.410967	-1.897314
-1.785891	-1.680817
-0.738947	0.963318
-0.987227	-1.353774
0.390851	-1.009529
0.641550	0.251283
1.057436	0.064052
0.952438	-1.727522
-0.628677	1.420221
0.351340	-0.797614
-1.115392	-0.938378
0.688905	-0.254426
0.098991	0.099871
-0.151740	0.313100
0.419054	1.109313
0.750661	-1.877914
-0.077356	-1.121799
0.512937	0.913115
-0.845512	-0.835602
1.218540	-1.883164
-1.284143	-1.410137
1.970317	0.941202
-1.260558	1.835832
1.825810	-0.198936
1.830244	0.514715
1.546638	-0.070766
-1.385414	-0.605102
1.033641	-1.495789
-0.215699	-1.373703
1.441396	0.662502
0.354511	-1.951555
-1.706278	1.518909
-1.508176	1.512262
1.635745	-0.792319
1.172801	-0.822002
1.912244	-0.986170
0.869137	-0.286693
-1.155926	-0.616148
0.773309	-0.001561
0.654844	1.015643
1.159055	-1.465604
1.785352	1.975792
-0.521117	0.924587
-0.472672	1.218309
0.019152	0.730571
-0.515042	1.226833
-1.342241	-1.595169
-1.429997	-0.581339
0.283310	0.262735
0.129012	1.543256
-0.963956	-1.872549
0.198100	-1.948313
-0.840470	-0.642845
1.975910	-0.857493
-1.438125	-0.545207
0.892178	0.982121
-1.258609	-0.998727
0.226349	-1.771895
-1.151331	0.884109
0.724692	1.454111
1.469852	-0.262579
-1.685668	-0.401136
-0.719323	-0.649624
1.478777	-0.597937
-1.164068	-0.011855
0.861755	-0.021560
0.550020	-1.683452
0.045534	-0.557802
1.298669	-0.669063
-1.700058	1.346910
-1.590061	-1.471953
-1.804420	1.294047
-0.839018	0.920272
1.212579	0.390123
1.526911	1.988987
-0.233743	-1.122713
-0.284698	-0.754966
0.279349	-1.398853
0.080967	-1.732506
1.462902	-1.940593
0.817514	1.779450
0.104941	-1.740288
1.078120	1.435877
1.378061	0.782788
1.906108	0.978367
0.147287	-0.932910
-0.101361	-1.104555
-1.720331	-1.711238
-0.618975	1.806581
-1.722250	1.147282
-1.316133	-0.006948
-1.607683	0.963217
0.473284	1.230711
0.532690	0.048225
-0.163448	-1.362369
0.307937	-1.085328
-1.248762	-1.707267
0.856295	1.604478
-0.165337	-0.248235
-0.734069	1.733301
0.647210	-0.454400
-1.971764	-0.647819
-1.700187	1.175518
0.036048	0.292866
1.567834	-1.000735
0.041118	-1.770024
0.944166	-1.426192
-1.219282	-0.788561
-0.304610	-0.715053
-0.662624	-0.011877
-1.858758	-1.058146
0.186963	-0.024095
0.693619	1.452894
-0.659171	-1.001506
-0.630936	0.350674
0.031083	-1.455418
-1.613278	-1.676051
-1.887583	-0.614013
-0.788987	0.153535
-0.384037	-1.844820
0.727343	1.894164
-1.064102	1.938781
-1.519698	0.631288
-0.182322	-1.380589
-0.635030	0.759532
1.340875	-0.546850
-0.949919	0.793979
0.781351	-1.836957
-0.391564	-1.187566
-0.004842	-0.863618
-1.179958	1.381145
0.973577	-1.002891
-0.299080	-1.108727
1.438473	-0.360299
-0.628425	0.069761
0.863429	1.189253
-1.771601	-0.051215
-0.504455	1.569274
1.401935	1.754813
-1.380645	0.195914
1.012574	1.400705
-1.378990	-1.786861
1.066583	0.616168
1.886626	-0.002687
1.696917	0.860203
0.994421	0.199492
-1.438877	1.885694
-0.362034	0.200824
-0.742731	1.707727
-0.935747	-1.553478
-0.707348	0.395307
-1.138075	-0.202758
1.647257	-0.518720
1.993156	0.659831
-1.118015	0.352114
-0.904876	-0.581303
0.444646	-0.694677
0.141563	-1.834474
0.888742	-1.658945
0.774436	-0.020979
0.927473	-1.968295
-0.313252	1.991726
-1.521772	-1.916354
-0.715623	0.873535
0.146303	-1.329222
1.623346	1.627583
-1.336066	0.283177
-1.490432	1.016048
-0.395307	-1.565254
1.461025	-1.950661
-0.259931	1.355345
0.190902	-0.094405
0.244087	0.531957
0.632245	-0.981477
-0.440283	-0.949772
-0.448557	-0.471544
0.281371	0.835820
-1.598009	0.257461
-1.017877	-0.927231
-1.390294	-0.263297
-1.836016	-0.880725
-1.247249	-0.271999
0.723967	-0.812504
0.773306	0.927565
-1.035792	-1.166840
1.496165	1.465405
-1.992857	-0.974878
-1.142792	0.204868
0.576565	0.385664
-1.513760	-0.587614
0.743701	0.394509
-1.375491	1.004215
-1.211507	-1.876510
0.349877	0.516494
0.847457	1.537373
-0.379237	0.464938
-1.750110	0.584971
1.298098	1.038347
0.763503	0.845327
1.788625	1.702535
-1.706853	0.365191
0.088199	-1.220613
1.777576	-1.124147
1.523088	0.172085
-1.263723	-1.852403
-0.823700	0.333403
-0.700210	-1.316720
-1.852753	-1.779347
1.158104	-0.231990
0.685590	1.407994
-0.016312	0.446342
0.434118	-1.252809
-1.477603	-1.464183
-1.184456	0.901007
-0.405069	0.678584
-0.881981	-1.149331
-0.734384	0.026969
1.027936	0.201706
1.326759	1.711215
-0.345710	1.474006
1.931868	-1.187606
-0.757984	0.617458
-0.405002	-1.398854
0.666729	-1.970885
-0.651662	1.958398
-1.448488	-0.115846
-1.047399	-0.632944
-1.964997	0.961987
1.463745	1.993259
-1.919994	-1.685586
-1.312209	-0.654377
1.715727	1.547329
-0.331858	1.426942
-0.798381	-0.857852
0.014012	0.384164
-0.023733	0.234400
1.979162	0.577414
-1.098871	-1.991723
1.925752	-1.140473
-1.440211	-0.190094
-0.187871	-0.073156
0.595068	-0.152868
-1.111169	0.058813
-0.159609	-1.031162
0.373227	0.528182
0.314460	-1.285390
0.243909	-0.138211
0.382752	-0.329149
1.063407	1.524900
-0.922580	-0.090936
1.005928	1.311820
-0.416658	-1.787051
-0.103497	-0.490907
-0.927524	0.456291
0.884605	-1.616864
-1.268263	-0.728033
0.572128	0.240805
0.346107	-0.899690
1.060717	1.344219
-0.556531	-0.984930
-1.031631	0.044730
0.557881	0.877433
-0.130299	-1.234341
0.634000	0.082650
0.662162	-1.856907
1.155126	-0.881547
0.039731	-0.498411
-0.623841	0.771468
-0.650961	-0.656405
1.695146	0.443906
-0.430375	0.755863
1.986679	-1.800668
0.803194	-0.532860
-1.152076	-1.974979
-1.954865	-0.101418
-0.105278	-1.189206
-1.467418	1.977372
1.472956	-1.324326
-1.408591	-1.862234
-0.827771	0.092998
-0.486075	1.943696
-1.133446	0.862964
-0.119086	0.558110
1.731197	1.450539
-0.686027	-0.480678
-0.486695	-1.677484
-1.095641	0.681007
-1.070620	0.726142
0.824102	1.536936
0.801473	1.009892
-0.066029	1.601301
-1.584955	1.106200
-0.071030	1.049896
0.560853	-1.208066
-1.558232	1.350045
1.892307	-1.335982
-0.412294	1.329525
-0.089778	-1.766116
-1.141670	1.080662
1.584472	0.149684
1.987365	1.121408
-0.248712	0.788839
0.131300	0.028567
-1.277190	-0.267398
0.443612	1.829010
1.426901	-1.627418
0.878906	-0.012246
-0.835484	1.216093
-1.485439	1.284477
-0.821421	-1.127816
1.355902	0.782406
-1.785768	-0.136932
1.048503	1.798704
-1.987248	1.035868
0.920113	-0.235960
-0.175293	-0.948587
1.792607	0.547517
0.784014	0.236219
0.376527	0.210916
0.608800	-0.744568
1.773317	-1.528475
0.628192	-1.712123
1.756003	-1.049978
-0.533544	-1.371814
-1.177642	1.410592
-0.963410	-0.726341
-1.164706	-0.713588
1.755407	1.050452
-1.604306	-1.193180
0.943211	1.590834
-0.680262	-0.198250
1.688078	0.575170
0.000420	1.461395
1.046695	-1.371388
0.802698	-0.421366
1.430884	-1.819990
0.038086	0.841476
-1.333374	1.074677
-1.798256	1.909971
-0.598453	0.772731
-1.548001	1.168425
1.295058	0.111636
-1.936967	-1.625664
1.431374	-0.135217
-1.937586	0.006545
1.865202	1.523809
-0.946760	-1.506185
1.855938	0.072448
-1.511190	1.286822
0.526897	0.128298
0.919085	-0.398427
1.120829	-0.488456
-0.106440	-0.823077
-1.903021	-0.938015
-0.350879	1.392037
1.173621	-0.287846
1.766373	0.604996
1.576936	1.828787
-1.388460	1.442139
-0.335220	1.935953
0.625679	-0.479282
1.114489	-1.192460
-0.358614	0.935838
1.242959	-0.820729
-1.245496	-1.175748
-0.068573	-1.078769
-0.743680	1.580548
-1.570059	-0.707299
1.034937	-1.130363
1.646477	-1.688224
1.261025	-0.688743
-0.113297	0.831975
0.256131	-0.998807
1.639515	0.516992
0.642579	0.575353
-0.114462	1.754624
1.997712	0.640042
-1.421124	-1.807953
-1.428531	-0.499893
-1.847984	-0.186626
-0.121692	-0.555283
-0.106985	-1.086756
0.314355	-0.198557
-1.440279	0.626131
-0.129022	0.873860
0.949171	-1.297047
1.950364	-1.657533
1.646984	0.592942
0.917820	-0.656078
0.672444	-0.658366
1.251320	-0.466319
-1.248573	0.982048
0.564801	-1.139645
-1.542184	-0.226401
1.601079	0.259259
0.333320	0.227210
1.321727	-1.795702
-0.898930	0.270898
-1.092749	0.231062
0.221262	-0.750282
-0.121954	-1.185795
-1.832462	1.221968
-0.707314	0.839983
-1.588792	0.091303
0.097283	-1.898801
0.842730	-0.920670
-0.592469	-0.060315
-0.770069	-0.134653
1.713285	-1.168989
-1.875394	0.046605
1.058221	1.446333
-1.840709	-0.282768
1.158154	0.390353
-1.592128	-1.731601
-1.247301	-1.424590
0.045384	1.415393
-1.946032	0.456592
-0.493304	0.151251
0.557792	-1.650574
1.230581	0.500998
-0.829733	1.730930
1.622304	-1.116449
1.746910	0.930156
1.620162	1.193244
1.779453	-1.089525
-1.660787	0.169806
-1.151031	-1.252915
-0.398332	-0.677504
1.647053	-1.262111
0.103645	0.244585
-1.866209	-1.338563
0.594011	1.364372
-1.649032	-1.465361
0.893365	1.973272
-0.581810	1.455306
-1.651653	1.075467
-0.470594	0.854920
-0.131381	-0.975274
-1.327130	0.615705
0.274538	1.938200
-0.608497	-0.078410
-1.323911	1.374043
0.920675	1.507834
-0.485314	0.872207
-0.134347	1.406846
0.742472	-0.161075
-1.174964	0.197778
-0.440894	-0.826617
-1.527468	0.702789
-1.703568	-1.428592
-0.847108	-1.030699
-1.384177	1.243839
0.007326	-0.834571
1.801402	-0.618631
-0.809335	0.722077
-0.122664	-1.763237
1.761410	-0.273557
0.102416	1.168256
-1.531085	1.941341
1.993293	0.666692
-0.499553	-0.833324
-0.027021	1.869465
-1.931897	0.269411
-1.559127	-0.779006
1.627986	-0.163182
0.482551	0.753299
1.647980	0.554701
-0.774487	-1.161355
0.114716	0.715981
-0.486459	-0.123873
-1.557575	1.615957
-0.955617	-1.088660
-0.962324	1.578032
0.204352	1.517970
1.030723	0.073817
1.586072	-0.699866
-1.192933	-1.461154
0.643885	1.021397
0.488028	0.669378
1.713541	1.508023
-1.272546	-0.171743
0.224004	0.240995
1.704384	0.666429
-0.143049	-1.251233
1.577769	-0.585751
-0.213557	1.155801
0.471993	1.990795
0.673770	-0.497283
0.259843	0.802851
-1.420699	1.066910
0.721977	-0.289205
0.363094	1.617952
-1.801177	-0.967528
1.068628	1.912364
-1.459505	1.796082
-0.259379	0.764499
0.037077	-0.554995
-0.569072	1.894028
0.193773	-0.991303
-0.691723	1.980216
-1.835502	1.780270
1.971010	0.838268
-0.717013	0.035621
-0.901889	-1.914162
0.614922	-1.834979
1.427534	-0.663101
-0.209372	-1.045149
0.074638	0.823100
-1.976521	-0.012998
1.363595	1.819561
1.727623	0.128095
-0.143362	-0.827371
1.559023	-0.249334
1.366401	-1.432280
1.346617	-1.267783
1.317627	1.570485
-0.646752	-1.331403
1.968170	-1.166383
1.635572	-0.694930
0.709433	-0.573800
-1.215928	-1.750699
0.283399	0.771074
1.612896	0.102960
0.498698	-0.259009
1.959597	1.671326
-0.699987	-0.289737
1.037728	-0.132267
-1.230794	0.384344
1.608419	-0.298029
0.170436	1.730619
1.055219	0.839032
1.023389	1.672650
-1.671541	0.382083
-0.999572	0.588380
-0.750271	-1.128221
-1.137375	0.974739
0.603616	0.934336
1.903629	-1.355401
1.144980	-0.228638
-0.586195	-0.470676
-0.977776	1.231295
-1.247157	0.286514
-0.619219	-1.308501
-0.946569	-1.734273
-0.361638	1.435514
-0.733845	-1.773258
0.601668	0.515884
-1.461103	1.378509
-1.025177	-0.017875
1.007595	-0.917924
1.652194	-1.772944
1.657116	-0.934001
-1.971571	0.088223
-1.012325	0.570177
1.274189	1.950958
1.532565	-1.415907
1.798293	0.222455
-1.560098	-0.935552
1.041571	1.580333
1.580468	0.958842
-1.444709	-1.059033
-0.362633	0.826720
-0.135577	0.483837
1.346765	1.620803
0.512265	-0.565011
-0.917558	-1.723945
1.882668	-0.966600
1.808620	-1.533240
0.037789	1.606913
0.689215	0.477691
-0.861588	-0.480738
-1.313870	-0.900270
-1.692893	-0.344979
-1.848498	0.935679
1.292388	0.978222
-0.843188	-0.537941
-1.222385	1.974324
-0.001801	-0.613906
-0.943233	0.274254
-0.731239	0.090167
0.082874	-0.264478
-1.872044	-0.310213
-1.575263	0.605647
-0.436850	-1.875091
0.612841	0.249280
-0.775362	-0.176624
0.556386	0.879659
-0.507935	0.172047
-1.046900	0.708510
0.415159	1.271720
0.389483	-0.730081
1.446250	1.544172
0.761329	-0.463583
-1.503149	-0.335627
1.316833	-1.078412
-0.322019	0.484738
-1.605071	-1.709179
-1.265983	-0.380433
1.290404	-1.500774
-1.217531	0.671273
1.490979	0.000133
1.457335	0.762699
-0.153182	-1.967382
1.599174	-0.706932
0.360503	0.829485
0.857354	-1.506142
1.778942	-1.236122
0.198650	0.263680
-0.841194	0.489472
0.778373	-1.396331
1.277599	-1.307255
-0.051127	-0.265080
0.561549	1.949005
-0.807745	-0.675751
1.039073	-0.643133
-1.667859	-1.066343
1.161626	0.137494
0.872643	1.655484
0.651585	-1.580638
-1.084736	-0.421832
1.912961	-1.643459
1.949955	0.201062
1.634140	-1.357300
-0.728368	-0.416987
1.833182	-0.467981
1.569875	-0.842570
0.608948	0.514297
0.941089	1.447955
0.102715	-0.414551
-1.869651	-0.241801
-1.756387	0.781934
0.177561	-0.899572
1.697198	1.755729
-1.553286	1.610160
-1.887730	-1.603331
-0.188778	1.746411
-0.960631	1.082855
1.416990	0.916036
0.986865	-1.926534
0.449074	-0.404187
0.587764	1.691491
-1.463098	0.035718
-1.050803	0.639617
-0.920454	-1.602184
1.861480	0.575377
-1.034792	1.558678
-0.588078	1.168838
-0.191409	-1.019940
0.189787	0.847960
-1.937086	1.519212
0.264950	0.978950
0.380655	-0.748186
-1.170271	0.847627
-1.478781	1.384529
-0.529584	0.024145
1.297066	0.549962
1.161847	0.411441
-1.872945	-0.029881
1.328444	-0.461023
-0.228180	1.347568
0.119016	1.961607
0.195529	0.181931
1.480818	-1.539522
-0.839119	-0.138527
-0.287707	-1.786703
0.691201	-1.440080
1.212421	1.944448
-0.470623	-1.317163
-1.173557	1.232799
1.988291	-0.355760
-0.612108	-1.884654
1.614359	-1.283664
-1.246685	0.488156
0.872332	0.449762
-0.945738	-0.069420
1.657899	0.215143
1.792053	-0.629809
0.428440	0.483255
-0.069889	-1.718082
-0.304324	-0.125441
-0.188705	0.378513
1.843153	0.637739
-0.388689	-1.766293
0.626029	1.255551
0.741375	0.869910
-1.604301	1.623225
-1.173909	-0.602409
1.275853	-1.404989
-0.793566	-1.747090
-0.235038	-1.001513
-0.376899	-1.806598
1.481742	1.553212
-1.524680	-0.822582
0.286615	1.555931
-0.729076	-1.075646
-0.495369	1.550383
-1.577207	1.126231
1.292703	-0.535834
0.915928	0.290257
-1.914952	-0.588515
-0.433889	-1.319941
0.772545	-1.067031
1.771032	0.556071
0.919668	1.252774
1.394988	-1.569808
-0.318397	1.986123
-1.192022	0.605957
0.312609	0.156341
-0.423841	-0.561160
-1.551901	-1.131138
1.135557	1.784790
-0.806736	1.220605
0.759375	1.900665
0.157579	-0.468081
-1.166366	-1.116155
1.389705	1.803512
-1.444274	-0.501013
-1.014081	-0.963959
-1.027958	-0.155981
1.486061	0.125408
-1.843371	-0.357599
1.701567	-0.404531
0.090501	-1.429571
-1.501525	-0.773942
-0.308262	-1.553337
-0.448506	-1.548887
-1.652672	1.709074
-0.016967	-0.819038
-1.407082	1.285984
-1.603569	1.841710
0.069654	1.594931
-1.172371	1.105696
-0.200329	-1.050285
1.961096	1.925078
-0.893656	-0.396503
0.701813	1.693998
-1.802927	1.200287
-1.079944	-1.447707
-0.633281	0.103787
-0.656861	-0.285953
-0.187139	1.326172
0.895010	0.405779
1.465677	0.802210
-0.464669	0.397141
1.281495	-1.358973
-0.918835	-0.409257
-0.993756	0.697087
-1.367112	-0.601101
-1.170038	-1.400814
-0.617746	-0.508788
1.486042	0.834351
-0.701098	0.160523
1.026598	1.704681
-1.227321	0.492275
1.226545	-1.972394
-1.095968	0.508040
1.776208	1.589205
0.259376	0.609479
-1.404551	-1.043538
-0.771663	0.355361
0.058299	0.954548
-1.772164	1.440553
-1.554240	0.645378
1.280111	0.776966
-0.559366	-0.196436
1.930178	0.213313
-1.704161	0.437070
-0.560143	-1.676555
1.341102	1.947897
-1.007922	1.117310
1.251453	-0.273210
-1.867449	-1.792085
-1.226962	-0.639112
1.950052	1.419187
-0.482176	-1.822112
0.859740	-0.036416
0.823266	-0.213666
-0.756305	-0.399768
0.684330	1.403797
-1.102358	1.699636
-1.620921	0.337500
-1.976920	1.720181
0.285397	-0.984842
0.837492	-0.177501
-1.733389	-1.435719
-0.044950	-1.525474
-0.662681	1.315937
-0.712629	0.735124
-0.534740	-0.405136
0.519212	-1.711474
1.381198	1.762907
-0.111242	-0.606971
0.447237	-0.707445
1.344879	-1.007810
-0.317622	-0.984730
1.967775	0.030428
0.271791	-0.209726
0.297039	0.836073
1.745324	0.771565
-1.826608	1.061261
-0.190632	-0.539237
-0.203615	0.364995
0.926023	1.391248
1.214549	0.772446
-0.896693	-1.834524
1.094351	0.395861
0.439230	1.388052
-1.878392	-1.596678
0.648932	-1.910617
0.433750	-1.079277
-1.269211	1.756796
-0.375019	1.502354
1.930187	-1.313758
-0.688278	-0.609049
1.676717	-1.683027
-0.126125	-1.439076
1.531522	-1.353678
-1.365172	-1.188203
1.030690	-1.687688
0.418741	1.526944
0.863227	0.822063
0.952610	-0.744187
-1.167732	-0.013398
0.853395	0.457248
0.783582	1.143490
-1.825467	-0.373883
0.477395	-1.508493
1.499992	1.038319
-1.853686	-1.753643
-1.342143	-1.041889
1.688546	-0.729578
1.290366	0.107288
-1.202633	0.153593
-1.070649	0.973243
0.185163	0.069842
-0.061529	-1.828235
-1.076763	-1.604281
1.706819	1.539209
-1.538601	1.881352
-0.834674	0.938794
-1.334682	-0.022887
-1.604113	-1.188368
-0.946256	-0.230257
0.772217	-1.257709
0.062583	0.849578
1.837532	-1.783824
1.778929	0.810774
-0.677621	-0.035907
-1.119384	1.260849
-0.196147	1.656569
1.796579	-0.489328
1.195778	-1.742022
-0.607975	-1.638896
1.196772	-0.235116
-0.973578	-0.826115
-0.161946	1.397356
1.214515	1.607797
1.956806	0.647962
-1.767844	0.806385
0.485493	-1.551668
0.585314	-0.703732
-1.450594	0.176884
-0.968440	0.685264
-1.311871	0.481843
1.883907	0.739821
0.883434	-1.754989
-0.063406	-1.351682
-0.728567	1.110479
1.109487	0.507835
0.717283	-1.322592
-0.634755	-1.090436
1.850739	-0.642105
1.372109	-0.852993
1.921515	1.323890
-1.839834	0.606779
1.304628	-1.151706
-1.203963	-1.267799
1.679471	-1.022788
-1.672211	0.248645
-1.124483	1.136878
1.383351	-0.839518
-1.939241	1.140893
-0.559340	-1.029677
-0.708601	0.328218
1.299797	0.438406
1.221312	-0.237704
-0.383010	-0.171909
-0.933076	0.465284
-0.137039	1.197485
0.745158	-0.457568
-1.489804	-0.129780
0.423342	-0.614287
1.781473	-1.230936
0.167580	1.856888
-1.170177	-0.691527
-0.199855	-0.763840
0.588947	-1.871637
-1.464043	-0.972647
1.757269	0.789649
1.202177	-0.414640
-0.332539	-1.497926
-0.280467	-1.135054
1.247233	1.261965
1.757429	-0.867815
1.462985	-0.856859
1.244457	-0.087795
-1.693136	1.101345
0.742028	-0.384664
-1.457827	0.851497
-1.329464	1.387454
0.255723	1.144723
0.804843	-0.542101
0.661416	1.125360
-1.619051	1.990306
-1.520610	1.642914
-0.970051	-1.763181
-1.224900	-1.507066
0.914383	1.737391
1.292165	1.221247
0.034192	-1.163417
1.237629	0.576365
0.225470	1.246901
1.075534	0.240664
-0.497376	0.220257
-0.954494	0.960523
1.706922	0.085883
-1.817502	-1.912129
0.076189	-1.338112
1.730785	1.106138
-1.101293	-1.494116
0.278666	1.420267
1.336462	-0.429169
0.175198	1.605023
1.478097	-0.587173
1.166177	1.638297
0.241711	-0.121039
0.930913	-1.538032
-0.108564	1.412308
0.631389	1.977319
1.594806	0.719260
-1.743307	0.450044
-0.840355	-0.844600
-1.241284	1.434067
-1.904822	-0.995102
-0.982291	0.270376
-1.390079	-1.504194
0.791310	1.661983
-1.780401	-0.096305
-0.799538	1.150512
-1.875071	-0.958052
-0.222029	0.756318
-0.980734	-0.627223
1.072773	-0.370530
-1.767581	0.784870
0.881549	-1.008865
-0.742256	-0.913687
0.275453	1.356689
